-132 654 466 -695 -108 282 -763 567 895 -123 -596 -908 -389 -168 -385 -541 57 -805 -86 -987 522 -483 -136 -577 648 -943
-542 939 185 433 754 282 -657 149 -857 -785 758 345 -520 -531 67 -720 -597 -190 -894 619 825 -551 -636 -398 -395 -77 -804 -514 261 -777 667 783 312 -24 -286 -59 144 733 653 -776 832 -480 -942 -186 -785 -683 -48 -678
382 976 422 -126 -800 616 370 575 758 -216 -890 326 215 -595 764 383 559 -302 -209 -270 -967 -703 -402 678 753 704 -655 -382 588 -553 108 -2 -997 -203 -679 442 973 11 837 607 280 -710 -293
-575 607 922 -105 210 71 -136 -354 495 431 621 -387 -983 573 -351 948 -34 175 -54 66 618 -145 -475 275 -528 -520 422 -294 -374
11 -187 -120 -482 -423 171 595 -994 639 252 326 -435 -572 -192 374 -398 783 -559 -523 134 725 -974 802 -877 814 167 461 934 707 -108 192 -958 -109 498 870 -480 -409 843 498 859 179 845 -340 -195
425 -414 504 -233 -464 -891 44 -787 -446 790 -942 622 679 -24 615 -703 -960 544 -334 -566 744 -343 738 846 614 989 560 -711 -334 945 -257 -735 35 7 -785 -23 -69 631 -534 68 -252 -492 -263 -239 -40 -933 270 -336 -262 91 -863 349 7 -239 468 -461 53 133 -542 894 -341 -602 398 -262 851 264 14 -123 947 723 497 157 754
-764 -439 -180 891 783 599 513 -45 43 -731 913 -997 702 364 -755 -202 862 162 272 307 69 -295 408 -907 -237 -248 73 278 -458 738 44 -356 896 189 611 491 -915 -147 -179 388 323 -317 838 -561 -219 -596 686 271 -891 996 -801 648 647 -435 -362 415 -179 -536 175 -623 689 790 -676
237 -142 526 929 950 -369 -568 -265 862 -792 719 130 -177 387 205 591 -295 244 -87 46 -706 316 -930 -958 427 -632 486 -348 -537 894 -607 518 -937 424 351 -368 767 683 -452 839 -354 -979 -993 291 803 -884 835 964 318
-256 -812 -124 757 -972 467 788 378 109 451 367 -139 886 41 -452 -540 -731 765 181 387 279 450 717 431 264 984 521 -229 -864 -536 42 323 -728 3 525 -850 144 696 109 -912 -408 297 -40 750 -371 -380 448 626 -575 -203 -78 -761 42 -499 -349 805 947 -497 702 -56 -233 191 -956 -937 909 -416 -8
-715 -245 -961 201 -381 -481 775 -660 285 250 157 -524 -751 667 535 504 -286 -933 978 844 599 -699 -276 -299 964 -446 829 -656 -487 129 -180 -140 -235 980 -472 -432 -631 234 3 -483 -971 217 52 -358 -1000 668 218 532 876 990 288 53 770 -44 85 437 101 155 719 84 540 -788 -118
-84 681 -670 -644 69 853 -93 -435 -202 -906 -89 -882 489 -901 530 983 -681 772 639 -198 -845 501 -830 330 917 921 -870 695 36 763 -281 37 677 927 872 -86 -760 332 735 21 -117
189 469 -877 180 -624 667 811 448 1 898 -475 877 -330 -423 -282 -104 955 -819 111 -516 -479 -727 400 -811 -714 -395 -116 -727 -301 -643 -548 -570 -333 -803 556 -468 -991 -963 -363 -954 -781 788 -481 -934 -996 642 -364 399 93 -447 -199 -928 93 -328 197
686 359 -464 776 -211 981 -949 -155 321 609 -951 724 -937 -391 -114 -318 -752 66 -175 -218 283 851 -265 -215 583 -415 703 -243 988 -799
-770 545 -822 -91 -370 -420 419 699 87 110 289 -556 954 -248 841 -111 573 -825 41 -416 -561 960 21 -270 -351 783 319 131 -479 -42 848 246 -132 -522 -316 845
574 -935 559 463 503 975 -433 -597 971 704 -533 209 -474 -397 284 -862 -32 -705 -443 189 581 121 -349 671 804 -86 -256 72 -931 554 945 388 -991 473 -392 -215 897 -713 -78 781 117 -339 541 503 -725 439 452 663 -360 473
518 442 778 390 569 420 137 -180 -39 511 -369 -131 66 796 135 674 -628 -829 524 540 413 -730 800 745 -325 -567 488 169 252 -216
656 435 -993 96 -279 832 288 749 641 -295 -986 -243 780 592 -801 -724 -289 212 -268 247 -451 370 -260 782 -580 276 109 538 -60 3 58 992 727 -866 -222 -13 -222 883 -763 751 233 734 -81 295 -479 -287 -770 -915 -344
509 -812 -269 -683 -115 -259 -656 -93 -53 -64 -887 -568 390 112 136 -453 46 590 -28 -363 321 -302 -682 -771 320 -994 873 -131 -943 -940 534 -690 -985 -671 613 -480 -893 194 374 862 -577 532 -540 -408 88 -75 -157 -379 536 -870 985 811 -637 -941 -960 634 -711 825
947 266 699 681 -118 -831 -791 -525 218 -897 -181 41 987 879 967 755 -61 89 -38 816 -766 -782 41 33 934 494 652 -410 252 160 -550 -523 -193 30 -661 566 -81
496 279 125 -150 199 2 -472 582 -748 25 406 658 -881 336 -164 -38 -577 919 366 157 3 -885 836 912 658 391 64 847 139 -617 139 -992 -71 -962 -727 703 804 -831 990 -169 379 -141 709 298 196 306 -822 -361 -193
807 -627 -193 -162 -610 -886 -847 712 423 736 452 -27 -833 -54 333 -153 432 -27 -921 771 721 424 -274 481 -984 771 -210 -34 292 14 413 -958 -627 863 800 32 801 -32 -558 -222 740 -725 39 812 -262 213 -594 -950 143 423 279 497 -419 -184 201 -768 701 -815 -802 682 109 118 614 892 183 -330 516 -437 220 720 213 -296 -446 924 648
100 -815 -827 929 -480 -639 -251 864 443 828 258 -339 738 365 470 231 -511 -104 -960 -990 -363 -233 -419 281 -474 -842 -172 985 -779 727 -388 -734 756 -152 298 -926 -283 -917 599
713 310 913 -683 756 513 -242 442 968 -861 -770 -123 167 -919 -378 -104 595 -847 -571 395 536 432 704 163 -2 26 782 -479 99 -248 848 -318 203 209 -223 809 756 899 248 -578 -402 -255 -296 -519 -430 -883 392 -644 -75 893 388 -399 893 -507 133 -904 723 -602 -775 -308 4
-273 941 803 -483 742 910 -942 -802 -865 503 419 -79 -349 -455 123 -717 -679 944 -168 140 140 411 -623 -384 -76 -332 82 45 34 644 527 617 -87 -412 -242 156 -643 -437 976 -607 -448 130 698 -859 462 535 -797 -971 -998 -26 769 -665 407 438 144 425 -995 917 -736 9 -479 -390 -963 972 -35 -875 -794 -400 -505 159 -381 953 108 326 -181
683 -630 461 72 359 -291 226 -770 380 437 333 -171 -361 710 412 -748 -418 -140 -156 -426 448 314 -414 -188 45 -356 -137 904 -218 505 215 250
-875 136 -743 28 -527 809 -860 979 -299 790 914 335 -629 -33 478 -664 -733 -190 -868 774 -183 338 -41 -136 -886 259 678 -518 -264 -60 -180 722 283 -854 519 507 -455 -603 -664 890 -640 613 -266 -957 -385 -42 970 770 -123 -975 841 -24 -792 -861 418
709 -183 -11 570 945 694 81 -767 -414 -547 -665 -374 998 -582 -588 -28 420 -681 555 848 753 777 -11 -508 -940 -287 -615 15 395 37 348 553 728 247 740 923 100 952 -329
841 28 -692 612 501 -513 -323 867 -801 -35 342 21 -550 -684 -931 673 199 473 231 521 -663 687 856 -684 -154 280 -401 -539 -76 -149 989 377 884 -35 41 -179 454 352 799 -269 -285 -408 -515 72 515 -315 -65 739 -804 920 682 -163 576 595 529 624 -925 -668 696 541
79 214 965 969 638 54 518 327 16 413 532 -576 -125 -348 -121 881 230 -389 923 604 715 -320 508 813 -108 -644 597 -366 -721 -885 964 -380 898 -4 -41 588 -20 185 398 731 737 758 -227 430 247 -44 -233 824 -839 -282 127 -960 969 -604 492 -440 474 174 1 -935 168 492 -476 427
770 -733 -678 -821 -194 -716 200 441 717 -890 -406 328 402 810 -723 -134 -141 -110 47 -18 139 861 834 352 296 597
18 410 -142 671 261 984 636 -982 391 -868 992 760 -522 718 -35 150 407 421 172 42 -952 630 289 -911 426 905 -224 -811
-987 -903 626 711 100 333 -524 352 548 -39 -173 598 511 137 -428 741 277 -149 -108 -664 -419 -657 568 470 -888 -436 679 -813 377 397 -337 -84 69 500 638 794 -673 -939 -492 642 517 -98 -211 -759 -914
854 561 275 -519 -877 -638 -567 861 -143 -997 294 419 362 842 -970 615 -286 207 -830 588 632 -42 81 -29 636 636 -174 -105 -343 -35 937 227 407 -615 897 933 -559 -958 -80 208 -874 862 -345 -549 -890 101 -683 661 -159 -679 -179 971 -358 -810 -325 846 596 761 823 -323 813 -1000 151 -303 554 -930 348 754 -809 -356 -682 -305 -200 531
-6 271 -282 635 842 829 790 419 840 61 -137 97 441 1 -594 -172 570 951 628 -311 75 871 541 234 -760 -645 -631 907 446 -620 -125 -400 961 389 37 853 -296 -324 -64 266
675 -181 704 124 -651 -244 327 306 595 -941 -185 -377 911 -443 -657 543 -588 -98 -325 -444 -205 685 572 -742 -186 247 136 350 270 -622 706 -271 440 963 -66 -280 900 109 -166 208 557 213 -310 -48 -651 630 -972 62
957 -248 396 664 -993 463 -171 -5 -258 -427 -717 -529 -522 602 861 -543 917 -805 30 958 979 538 862 570 30 408 -892 452 775 -545 410 112 421 -679 -116 412 206 867 -712 973 -574 661 -505 71 465 197 991 -779 863 397 -260 305 160 -116 -769 887 -683 -364 -256 70 -462 -166
983 394 -274 -635 891 -406 35 -590 389 -396 -677 -469 -509 -563 434 535 588 -907 193 -658 81 -247 859 428 517 -220 251 145 -645 389 87 857 -206 -874 -117 145 53 -782 771 150 907 -774 -931 -299 653 -420 196 -316 -540 370 -798 -769 355 -135 86 -183 933 192 989
398 -672 -680 -194 567 -893 -489 57 -868 679 -460 -149 -635 -370 783 100 -171 -27 925 944 109 -948 383 785 -448 -986 236 200 -541 215 69 170
764 -782 -678 529 41 312 376 -42 505 -712 -190 -728 -235 -779 -185 138 441 171 -801 -694 465 828 -696 -668 379 247 -643 -420 460 -127 -504 -568 -874 979 160 148 538 2 340 691 901 689 -453 -138 -745 -247 431 18 -545 514 409 737 316 694 -33 683 124 110 325 984 -583 -601 -792 701 642 -45 -717 111 390
-475 -329 711 -595 296 -620 -598 -280 -832 -88 -940 267 -150 802 -880 -106 552 -882 459 -207 684 -656 248 -578 919 -52 -855 -597 -999
-951 -230 -916 -857 779 711 508 -730 133 -907 848 -620 436 636 -135 -289 536 870 119 -277 -847 277 38 202 231 -932 480 -759 -288 98 168 -267 682 750 737 84 -925 -428 130 -636 13 765 -19 -985 546 632 907 -195 934 -557 985 -949 776 -512 235 -475 -728 491 312 868
-898 -875 651 560 -366 356 -509 282 549 -214 115 -433 -949 190 933 -23 286 853 540 167 684 919 171 974 76 766 845 -253 67 224 -899 211 -973 -943 -44 -702 -328 -116 113 -467 827 -975 800 -422 -63 -126 -645 -960 -959 34 -306 -40 161 -320 -529 -54 209 -790 -187 358 746 953 -171 -372 -734
-922 -76 68 737 14 -538 625 -830 -538 578 291 467 -623 489 -447 -123 -454 -417 -183 -709 519 842 -365 557 606 -573 551 -802 -639 -657 759 -872 972 272 -712 -681 797 -613 -300 414 1 813 268 -811 -161 96 -373 145 794 -830 720
-929 661 437 785 477 -313 425 -991 909 702 379 -76 968 -365 -660 -46 154 108 271 805 699 -456 -3 460 -890 86 -81 667 -698 695 42 -172 -583 -664 -911 -277 688 -580 226 528 716
946 -455 -282 233 58 397 983 904 -253 -264 508 397 420 106 -698 480 467 194 985 838 929 -612 -969 233 560 63 411 865 360 -737 165 216 891 355
-533 17 114 372 -39 33 -531 -659 -639 558 -193 456 12 994 -678 -376 -517 -296 -110 -818 -279 -758 -596 -248 -251 97 384 674 -815 264 -297 697 855 -178 509 563 710 927 480 -228 369 -469 -354 387 -958 116 401 941 102 455 -929 34 266 802 -76 -198 514 677 607 -310 -113 -365 -701 -648 -29
446 -38 -110 331 638 12 387 442 522 477 -185 501 151 -769 -138 720 -223 6 65 272 759 0 639 -259 -91 673 220 135 786 -662 -483 -707 -229 570 575 415 -689 -498 -50 707 -456 -989 -676 -681 599 377 342 -353 195 -102 -726 -69 -462 259 -107 -824 837 396 -653 45 -744 588 -558 502 -208 289 -490 -915 -180 -949 648 621 103
-805 -487 -947 849 -928 -794 567 408 -635 -621 -75 -261 351 -810 -341 -761 259 -787 611 363 227 -534 493 -100 -730 777 916 619 -269 -207
15 -986 -571 499 315 552 -796 558 2 -90 -251 -681 858 308 709 -72 177 -218 581 -774 555 -51 -832 450 -182 -9 -892 -569 -32 -86 355 -300 648 430
-10 -239 859 288 -201 125 109 -124 -833 5 -153 986 -660 252 830 530 209 -291 107 430 25 935 -509 -873 735 -216 314 948 484 680 -221 444 -626 -133 -188 667 -563 -742 672 -278 780 302 -160 440 -737 194 5 -908 -884 -625 -977 -212 379 -54 86 -932 -538 655 -699 264 -60
-572 -605 785 -849 -920 -435 489 985 983 -577 -655 455 981 -842 -858 -316 -526 -508 -72 -675 -927 -5 -707 -613 -23 -517 748 -327 54 482 -754 578 -417 -823 990 -787 274 -33 835 313 -734 -237 900 747 257 -616 640 250 -950 -590 448 -434 151 -20 -509 -150 -969 196 169 916 449 -105 -71 -639 916 32
-905 -553 953 -845 290 -292 67 271 121 148 441 948 -229 688 -710 -776 -391 903 -600 533 -317 -310 -573 805 549 -534 36 -988 206 -700 -679 -91 70 223 -767 -930 999 51 -147 314 -19 366
804 330 -205 926 685 677 -690 -479 -228 -525 11 836 -241 -387 389 395 7 572 346 380 -655 435 -80 -645 211 662 994 945 -996 948 78 727
-482 -477 173 -19 -984 -903 -126 -211 356 437 778 -113 -850 390 -625 677 531 15 631 249 544 -98 -537 481 168 200 -600 -468 117 128 -1000 -332 219 -986 945 616 619 -20 385 -809 334 135 694 563 -952 -210 354 509 695 -219
-332 -309 421 -184 -644 588 -48 -618 -955 -194 -809 -561 512 290 -12 562 922 70 77 -939 347 -742 235 -157 311 -26 809 43 -615 105 166 156 772 640 -383 -75 588 -518 877 -477 -96 -850 -828 -146 409 -481 -328 33 556 -605 361 976 -624 439 -23 -868 576 795 917 7 -974 462 -341 -919 29 -401 649 135 -57 -601 413 894
176 -445 79 -35 -904 598 553 874 -219 -297 576 52 -162 -474 -11 670 897 -872 -915 316 372 -720 -606 -671 906 301 -353 181 595 -637 -848 288 -199 811 -715 -5 -627 334 264 203 -890 934 -774 -838 -513 700 -715 58
-988 -984 -298 -790 257 -415 -140 938 592 -569 131 649 46 -528 -197 6 482 130 -84 27 -991 161 -856 -428 781 386 -948 659 17 639 -29 -880 565 -64 -153 -895 -662 -272 -626 -637 -70 -210 -900 -429 267 185 -207 219 106 747 683
-569 -556 628 -881 -418 379 414 -75 973 -826 77 -31 -377 -319 69 -463 872 -146 600 -279 705 -759 850 -819 -320
207 54 407 -421 -71 514 -805 238 785 -801 194 541 -328 -203 -157 -346 -326 -434 -855 -667 -520 -119 -151 -433 189 -779 -219 -602 -396 -405 -808 -229 903 615 -213 651
-475 503 -144 707 629 -966 -803 -952 115 -411 655 -519 -959 320 966 -493 260 -510 -366 275 418 73 -380 453 -287 848 847 -105 -476 -16 -941 -796 -77 -712 -385 -149 851 -731 486 415 -233 358 -181 -739 -404 -687 -281 178 -240 -594 158 777 683 175 -568 227 -879 568 835 469 -15 -306 -853 227 926 -655 548 -74 -982 242 -643 937 -267 582
-820 -324 280 -621 -212 599 600 256 570 -623 805 965 977 -91 -146 -362 96 -450 -524 491 -134 -739 -87 333 412 -150 729 503 -165 754 -898 850 590 -206 -244 232 -567 -71 23