-799 -265 N/A 883 551 519 -752 N/A 507 N/A 784 325 972 76 -754 90 999 N/A -682 N/A 853 -403 -821 578 -589 -703 71 N/A 142 -629 201 119 -123 717 11 N/A -387 -957 914 141 -726 N/A 443 N/A 935 -783 438 -269 N/A -28 -892 N/A -500 N/A 318 260 N/A 504 N/A -555 -755 N/A 491
213 816 -636 N/A -41 729 663 N/A 859 -239 850 724 -276 914 N/A 651 -512 293 N/A -646 -677 90 N/A -307 -104 388 N/A -980 496 -181 N/A -763 N/A 860 N/A -109 -786 N/A 443 460 -16
119 10 -226 -99 N/A -268 886 N/A 585 -637 N/A -596 -503 -617 -631 906 N/A -721 352 N/A -603 -23 -822 980 600 N/A -682 N/A -754
-28 -970 -966 89 N/A -942 N/A -838 568 -68 N/A -56 192 -417 N/A -80 N/A 700 N/A -325 837 -960 -99 -412 -998 -852 N/A 762 N/A -815 796 157
672 N/A 147 -987 N/A -843 -546 50 -506 657 736 N/A 984 841 N/A 182 757 384 596 -672 N/A -305 672 791 149 N/A -369 271 637 -445 N/A 592 N/A 751 N/A 671 -680 189 -70 -568 N/A -812 N/A -48 -885 -456 -208 N/A -537 304 N/A -452 756 -954 570 -374 -258 N/A -413 -215 N/A 484 -926
742 -128 N/A 364 -611 798 -144 530 N/A 160 387 -245 -655 134 N/A -190 708 322 781 775 -364 N/A -124 N/A -657 N/A 701 -844 -307 140 N/A -601 956 N/A -169 N/A -149 -322 -908
782 848 32 N/A -129 N/A 567 189 N/A -850 -539 N/A -952 704 965 58 -291 492 N/A 271 -114 N/A 120 -258 811 599 546 5 N/A -870 606 948 -881 -883 377 N/A 488 N/A -37 558 N/A 229
290 -368 -287 315 N/A -437 434 -30 -453 -389 N/A 609 -509 -917 -809 -591 N/A -446 -467 772 N/A -603 N/A 925 973 N/A -983 N/A -863
437 -485 N/A 452 -757 90 N/A -106 -306 -150 N/A 289 N/A 670 N/A 629 188 N/A -227 821 N/A 87 -742 854 849 N/A 240 -718 465 N/A 498 -771 -932 N/A -263 -624 865 -999 -80 -292 N/A 849 -280 343 -94
-366 110 -993 N/A -355 -318 N/A -191 N/A -788 84 644 -117 -658 -771 N/A 681 718 N/A 648 500 -560 N/A 647 689 N/A 349 -522 -547 N/A 558 878 -861 202 678 N/A -191 -624 775 N/A -791 N/A -719 -136 740 N/A 428 -486 -846 513 -270 -578 N/A -245 122 N/A 831 N/A -356 -323 -521 826 -527
304 -997 389 N/A 906 -412 852 N/A -766 -978 744 70 N/A 8 -985 -851 782 -888 197 -380 459 424 N/A -111 -724 N/A 434 N/A -237 238 N/A 643 N/A -555 -679 843 721 -275 187 166 N/A -722 N/A -508 N/A -452 N/A -738 788 N/A 228 306 764 N/A -611 -828 543 N/A -934 -91 -628 809 -845
343 N/A -614 156 366 N/A -435 -376 -795 -254 553 900 215 N/A 685 191 584 787 809 N/A -543 657 N/A -981 554 624 N/A 541 N/A -879 552 -514 -112 N/A -57 916 N/A -118 -858 N/A -298 71 -33 N/A -990 -52 -406 449 -16 814 N/A -387 716 150 -485 N/A -189 452 N/A 105 N/A 857 N/A 554 -950 291
383 N/A 460 57 -232 -955 N/A 928 -239 -249 333 -962 -812 N/A 289 N/A 452 -190 N/A -870 -163 -257 N/A 307 -248 -520 799 68 -615 N/A -270 -830 756 -717 -940 N/A 870 -191 204 -376 -382 N/A 303 533 N/A -88 308 N/A 329 N/A -204 N/A 574 437
-856 -343 126 -152 582 149 595 -85 N/A 898 -991 854 N/A -907 -471 -60 977 -286 51 -76 N/A -75 383 N/A -420 960 N/A -795 996 -99 -837 N/A 163 N/A 261 N/A 766 N/A -763 -996 N/A -238 29 -27 -167 -309 -367 844 -126 N/A 163 -891 -950 933 N/A 228 748 N/A -248 527 -933 N/A 572 N/A -771 N/A 53 N/A 570 -839 -166
-641 -603 65 N/A -354 199 -186 -874 N/A -576 N/A 441 N/A 578 693 -449 -920 687 N/A -93 -71 -785 N/A -582 664 N/A 263 260 439 N/A 647 -766 -723 702
91 528 N/A -786 923 N/A -477 -758 -412 -413 N/A -453 -853 889 -797 27 -563 473 -461 N/A -834 -19 N/A 617 664 737 -802 N/A 901 N/A -37 N/A 768 414
426 -139 536 -81 N/A 842 N/A 580 N/A -133 -512 152 N/A 847 -938 840 N/A 383 N/A -839 693 N/A 962 747 -792 N/A -262 -85 -404 647 -592 397 652 N/A -205 N/A 717 606 822 886 N/A -415 -913 -53 950 N/A -378 564 899 N/A 806 -309 364 887 90 N/A -333 557 N/A -336 -366 -722
-254 990 N/A -82 N/A 770 -322 1 37 779 117 205 N/A -36 528 813 890 372 961 N/A 266 532 480 N/A 401 N/A 812 187 -128 N/A -656 750 N/A 471 459 -146 -644 N/A 216
-895 48 -181 -593 N/A 559 -297 N/A 684 N/A 458 -813 N/A 972 147 595 -984 -996 314 -282 N/A -298 -84 -170 -955 129 N/A 640 N/A -93 N/A -41 448 N/A 726 -817 -235 -43 258 N/A -87 -458 N/A -511
422 62 878 -899 555 N/A 26 N/A 542 N/A -974 -738 -975 -132 N/A -816 N/A 479 804 -770 443 -416 N/A 801 -744 N/A -875 -669 -798 677
-572 -998 N/A -96 N/A 867 701 26 -689 N/A 309 8 517 889 N/A 402 314 -246 92 N/A 51 184 N/A 173 N/A 457 -553 N/A 168 867 -582 597 -811 66 -216 149 N/A -746
-493 N/A 951 N/A 545 N/A -675 -448 907 -376 -636 N/A 411 -648 -419 -809 477 157 893 -767 N/A 341 -304 -118 N/A -303 330 N/A 428 N/A -403 N/A -733 N/A 612 -355 N/A 582 -946 643 228 602 -328 953 -590 225 N/A -514 -240 905 N/A 119 -194 N/A 114 410 N/A 527 -188 -79 965 161
154 706 72 -216 N/A -951 N/A -150 N/A 349 344 558 N/A -589 125 N/A -581 147 N/A -752 809 331 N/A 151 -86 261 581 482 -547 N/A -882 N/A 727 326 N/A 895 386 186 N/A 86 -883 546 -432 -570 -70 N/A 786 -50
-148 -902 888 N/A 961 -174 -230 N/A -743 94 704 -177 -475 -581 N/A 317 N/A 339 N/A -133 -363 N/A 713 797 N/A 369 560 -881 N/A -758 -405 N/A 706 -406 804 709 N/A -209 924 -323 N/A -161 830 -615 N/A -789 N/A -486 905 -754 48 195 N/A 373 -271 117
574 609 986 N/A 24 -525 -289 N/A 916 535 N/A 765 304 -658 366 -525 38 -39 -917 N/A -509 -95 540 -824 192 573 225 N/A 981 -238 911 479 N/A -761 N/A 204 703 182 N/A -517 53 -714 N/A -176 787 N/A 632 458 -65 N/A -532 N/A 744 902 873 438 N/A -161 -482 N/A 251 N/A -510 -362 -988 N/A 629 467 N/A 580
-423 -699 986 N/A 519 -920 140 295 472 N/A -770 N/A 609 606 N/A 398 477 N/A -612 -210 -177 N/A 656 -280 -660 -685 N/A 927 -491 -809
515 331 -1000 664 889 880 N/A -62 -549 392 40 N/A 452 -566 N/A 98 -883 -788 N/A 545 N/A 878 -304 -390 518 N/A 89 939 -951 N/A -704 -90 N/A 90 385 -915 N/A -5 N/A 208 N/A -180 -152 580 -782 N/A -242 -930 715 -222 915
781 250 72 419 -56 N/A 300 251 N/A 733 -728 N/A -298 N/A -43 N/A -968 N/A -764 N/A 628 455 33 932 N/A 36 -323 N/A -442 308 -985 N/A 637 129 N/A 486 -671 -896 N/A 915 218 N/A 681 384 459 N/A -902 -926 -381 N/A -591 -797 -987 -950 -976 -593 888 -863 598 N/A -216 -997 -994 -20 -872 -322 830
765 -730 N/A -390 -422 N/A 456 92 -369 934 407 79 N/A 904 N/A -626 92 N/A -461 787 946 -240 N/A 930 -678 -538 N/A -742 55 N/A -423 N/A 66 145 617 -736 846 856 N/A 990 N/A -394 635 887
343 -477 N/A -134 500 -396 N/A 493 N/A -307 -854 242 258 N/A -187 N/A -218 -84 -235 915 257 -713 928 289 N/A 927 349 -297 451 -268 582 N/A 326 N/A -715 N/A -743 606 -374
296 812 451 -168 426 578 -718 N/A 72 71 N/A -541 35 682 N/A 697 -594 709 140 783 N/A -457 N/A 511 -748 N/A 573 187 N/A 837 197 272 N/A 215 256 -89 69 5 871 163 -904 N/A -882 -243 -748 315 N/A 406 N/A -723 N/A -9 -946 N/A -646 N/A -313 -783 -962 N/A 96 452 N/A -169 -53
-772 444 N/A 842 361 -615 635 186 N/A 149 911 -292 N/A -558 N/A -947 N/A 447 697 N/A 621 -569 -545 -361 -660 783
858 -58 -556 N/A 499 -101 415 64 811 N/A 364 -838 N/A 562 N/A 76 831 N/A -763 148 -910 -644 829 396 -8 23 N/A 166 17 N/A -356 N/A -324 -92 262 -603 N/A -148 -470 -921 N/A -350 64 -571 -355 N/A -794 -848 N/A -173 -654 N/A 314 36 -642 N/A 405 N/A 675 -769
323 893 47 -929 725 936 -817 N/A 128 N/A 992 N/A 790 N/A 950 -90 -453 334 996 -969 -768 434 N/A 814 N/A -324 -458 N/A 989 N/A 359 -907 -26
-288 410 N/A -301 -621 -994 55 N/A -677 -3 -593 N/A -24 N/A 594 343 44 N/A 870 917 589 -601 754 -873 N/A 898 -57 302 N/A -268 -456 828 -716 N/A -254 714 N/A 636 -848 -81 486 N/A 421 267 -917 N/A 898 N/A -4 -633 N/A -543 -53 -619 -202 123 N/A -552 675 N/A -569 17 997 -4 N/A 47 921 N/A -894 -673
416 688 -129 279 N/A 442 348 994 463 N/A 651 N/A -827 -459 297 521 742 N/A 127 N/A -648 911 674 N/A -327 262 360 N/A 889 731 521 -797 -594 -802 -613 857 N/A 245 -107 189 -473 N/A -377 N/A -204 N/A 48
-929 N/A -645 N/A -970 -53 676 -450 -864 818 -148 914 204 -293 N/A 381 N/A -139 -856 N/A -95 353 N/A -327 758 -453 N/A -404 452 N/A -429 N/A -609 144 N/A 398 -497 N/A -991 N/A -325 -376 433 331 8 758 -97 667 N/A -76 303 N/A -659 -696 N/A -78 954 580 -748 407 -976 N/A -285 419 57
-596 N/A -22 N/A -283 536 976 N/A 41 -398 721 N/A 647 484 N/A 718 276 345 -110 293 -645 N/A -988 N/A 216 999 N/A -231 893 663 -844 N/A 227 293 N/A 182 N/A -958 232 905 871 502 -478 -337 -897 692 N/A -485 -160 -208 887 -88 N/A 691
-288 -771 -588 -800 N/A -357 -387 -438 N/A 423 53 -915 N/A -331 N/A 457 N/A -75 -894 -92 -562 467 546 -579 576 28 N/A 464 -453 N/A 230 N/A 220 868 N/A -992 N/A -265 -560 -235 N/A -105 -594 -560
339 N/A -686 578 118 28 118 N/A -340 313 N/A 938 -739 -358 -228 -895 242 411 -601 N/A 483 N/A 619 N/A 189 -469 -22 -84 -780 802 N/A -240 456 N/A -153 143 N/A 565 -712 N/A -597
-970 944 -139 -719 N/A 490 -384 -973 548 N/A 516 648 -85 N/A 290 N/A -267 570 N/A -557 638 59 -238 N/A 734 33 -701 N/A -126 -88 657 N/A -139 614 N/A 502 -441 370
-922 751 -20 -750 N/A 184 406 N/A 130 869 N/A 264 N/A -428 82 -193 N/A 342 625 283 -530 -514 919 -877 -208 N/A -715 293 -812 -196 N/A -262 -325 366 N/A 739 -735 -242 -845 -667 -532 N/A -499 N/A 111 117 -281 N/A 323 20 161 463 662 N/A -937 693 N/A -890 N/A 813 788 -288 577 N/A 954 877 N/A -619 N/A 107
-878 711 890 842 814 N/A -844 -416 925 N/A -56 -964 N/A -276 957 N/A -397 N/A 785 -384 478 N/A 795 642 -169 -921
771 343 N/A 970 N/A 97 -564 N/A -239 537 -785 490 -606 -658 87 N/A 82 N/A -147 N/A 590 -644 204 802 816 -948 N/A 452 -648 N/A -413 -806 N/A 170 -322 -384 -830 813 N/A -215
-67 704 N/A 182 -580 N/A 445 N/A -301 13 -865 573 -597 882 546 553 -894 752 N/A -312 -583 809 -292 968 889 795 N/A 156 N/A -401 -439 -157 N/A -211 -472 N/A -676 127 -316 N/A -158 N/A -645 N/A 0 -386 539 N/A 141 -877 425 N/A -855 -673 N/A -477 N/A -988 -793 236 709
-202 N/A -980 N/A -518 102 857 -120 203 458 905 51 -223 N/A -316 -745 N/A 926 -33 -905 N/A 244 -296 N/A 596
805 -521 N/A 427 -285 -923 N/A -307 121 N/A -318 N/A -636 436 N/A 676 -681 559 453 726 -954 -410 N/A -370 112 743 N/A -8 412 N/A -404 -247 -606 N/A 768 N/A -576 165 -321 -479 -783 N/A -330 -27 N/A 562 306 -528 -47
-643 -496 N/A -296 -296 N/A 283 626 -98 -454 N/A 173 182 -918 -205 189 711 -568 -398 N/A 979 N/A -747 -390 N/A -676 621 N/A -106 -90 -769 -51 N/A -537 -300 -778 -174 N/A -415 N/A 225
263 -954 N/A -682 -600 -864 411 30 -831 -305 -472 353 856 N/A 763 938 -788 N/A 906 N/A -779 -917 N/A -966 904 352 44 N/A 487 N/A 477 -445 -142 N/A 212 549 N/A 668 N/A -534 N/A 28 -732 -329 125 -55
571 N/A 308 N/A -538 826 -714 N/A 918 783 -85 N/A -177 276 39 174 318 107 N/A 482 N/A 194 -171 678 44 944 520 N/A 684 -973 434 -873 -9 N/A -437 -933 N/A 192 -772 -336 N/A -195 -939
-16 -959 N/A -294 -937 N/A -37 147 N/A 12 N/A 34 106 -232 N/A -498 N/A 706 -175 N/A 967 N/A -133 -939 881 -67 -988 425 -372 718 618 N/A 198 694 558 N/A 257 712 308 868 462 708
105 -15 -91 -127 302 N/A 7 N/A -581 -995 -951 131 N/A 674 -780 N/A 883 -893 -479 N/A -646 N/A 524 619 -438 -482 N/A -169 -265 76 -254 795 N/A 690 N/A -65 926 -482 N/A 358 -487
27 N/A -505 448 736 N/A 271 -394 887 -376 756 -187 -654 -986 N/A 285 713 N/A -391 207 N/A -579 -127 724 663 N/A -673 N/A 71 730 -179 746 -542 N/A -910 N/A -594 -829 N/A 231
664 -855 N/A 257 N/A -615 N/A -217 -551 N/A 967 N/A -473 N/A -257 -710 N/A 438 573 -799 207 -689 683 -35 248 N/A -328 -844 920 -228 N/A 766 -899 -925 N/A -607 N/A 694 648 -908 354 -718 -637 N/A 192 741 275 N/A -190 N/A 656 N/A -287 -248 761 259 246 189 -683 N/A 645 507 -995 N/A -681 -547 682 -47 177 N/A 50 -39 -64
205 -551 -754 N/A -884 220 N/A 583 -869 N/A -894 462 N/A 123 803 858 -947 -638 -818 618 384 N/A 363 79 N/A -976 N/A -3 614 214 N/A 655 N/A -646 -421 181 -588 N/A -815 -959 -407 695 N/A -791 -160 -537 -95 140 N/A -952 N/A 481 N/A -85 833 -686 -752 451
258 703 N/A -495 -971 N/A 834 41 N/A 68 -442 463 187 -231 N/A -625 -211 -316 650 456 327 N/A -6 N/A 578 59 -887 N/A 517 38 -112 -517 N/A 514 22 N/A 9 -285 -881
556 705 754 N/A -600 243 N/A 315 N/A 418 592 597 -452 954 427 N/A -176 N/A 3 N/A -238 292 87 799 N/A -150 N/A 406 518 -328 -321 -539 -164 N/A -9 -395 -69 520 573 N/A -243 N/A -930 -365 931 N/A -996 843 -654 894 N/A 775 -345 -119 N/A 216 920 602 760 N/A 212
-365 887 N/A -214 -112 726 N/A 482 -651 141 549 N/A -975 N/A 710 N/A 256 N/A -641 348 -124 451 -294 N/A -77 -917 860 -809 597 -374 624 N/A 37 N/A 511 430 N/A 910 N/A -174 N/A -295 -40 834 N/A -16 353 -93 -836 -439 -697 -123 559 684 -559 N/A 319 652
658 -294 -887 N/A 982 742 -93 N/A -26 -377 703 230 396 N/A 340 -986 -397 832 N/A -117 N/A 318 378 -944 N/A 312 756 319 N/A -96 634 N/A 833 N/A 363 -571 -548 -462 N/A -40 800 474 568
990 N/A -440 797 -254 N/A -360 113 N/A -688 -20 440 333 N/A -138 219 782 -710 -955 -516 -824 N/A 643 -431 193 N/A -77 -882 N/A -518 -269 603 N/A 153 248 N/A -933 283 -174 388 N/A -224 N/A 361 -388 -825 627 -593 N/A -473 -2 -281 N/A -812 183
891 -272 848 N/A -94 N/A 242 -971 905 N/A 917 N/A -737 N/A 356 -122 N/A 812 -251 -135 964 906 618 449 47
775 393 -240 N/A -682 -784 -794 424 N/A 382 N/A -183 -133 968 N/A 800 N/A -989 732 -178 N/A 735 407 -113 N/A 356 -569 697 691 N/A -597 -790 N/A 691 368 953 -673 454 224 -5 -662 N/A 182 737 N/A -734 N/A -749 -969 202 111 -168 57 N/A -278 735 -72 N/A -905 -863 527 249 N/A -24 148 N/A 357